

CYCLE NUMBER  50	MODEL TIME IN  HOURS  0.277778

DIAGONAL ELEMENTS OF U

-3.011786E-03	-6.250267E-02	-1.181598E-01	-1.665986E-01	-2.050641E-01	-2.310722E-01	-2.431598E-01	-2.405611E-01	-2.234811E-01	-1.928872E-01	-1.506871E-01	-9.932075E-02	-4.194012E-02	1.806081E-02	7.707841E-02	1.315137E-01	1.782164E-01	2.143179E-01	2.376544E-01	2.467916E-01	2.413049E-01	2.213992E-01	1.882911E-01	1.440582E-01	9.122328E-02	3.304398E-02	-2.704283E-02	-8.541966E-02	-1.385959E-01	-1.833490E-01	-2.170576E-01	-2.376078E-01	-2.439108E-01	-2.354261E-01	-2.127788E-01	-1.772892E-01	-1.310796E-01	-7.690631E-02	-1.806045E-02	4.200115E-02	9.961341E-02	1.513165E-01	1.940809E-01	2.252707E-01	2.430672E-01	2.463809E-01	2.350537E-01	2.096690E-01	1.718299E-01	1.237924E-01	6.839246E-02	9.034561E-03	 


CYCLE NUMBER  100	MODEL TIME IN  HOURS  0.555556

DIAGONAL ELEMENTS OF U

-1.506299E-03	-3.398740E-02	-7.021967E-02	-1.074512E-01	-1.425894E-01	-1.724169E-01	-1.937751E-01	-2.038789E-01	-2.007817E-01	-1.830619E-01	-7.252661E-02	-5.391804E-02	-2.483290E-02	1.165146E-02	5.362864E-02	9.815691E-02	1.420822E-01	1.816692E-01	2.135240E-01	2.342762E-01	1.160820E-01	1.202116E-01	1.118097E-01	9.284855E-02	6.339826E-02	2.458416E-02	-2.158070E-02	-7.243834E-02	-1.245469E-01	-1.740416E-01	-1.044030E-01	-1.290304E-01	-1.447890E-01	-1.517461E-01	-1.479402E-01	-1.322076E-01	-1.043760E-01	-6.517194E-02	-1.616819E-02	3.992284E-02	4.785454E-02	8.219890E-02	1.152210E-01	1.452117E-01	1.690062E-01	1.838364E-01	1.872591E-01	1.776597E-01	1.543572E-01	1.174697E-01	3.298053E-02	4.874290E-03	 


CYCLE NUMBER  150	MODEL TIME IN  HOURS  0.833333

DIAGONAL ELEMENTS OF U

-5.578593E-04	-2.411984E-02	-5.118838E-02	-8.090379E-02	-1.114981E-01	-1.401952E-01	-1.640828E-01	-1.801263E-01	-1.848016E-01	-1.744720E-01	-4.806039E-02	-3.786428E-02	-1.811274E-02	8.823470E-03	4.197345E-02	7.988482E-02	1.203734E-01	1.605044E-01	1.966031E-01	2.228903E-01	7.703236E-02	8.460350E-02	8.138909E-02	6.983942E-02	4.950334E-02	1.997472E-02	-1.834224E-02	-6.399731E-02	-1.147149E-01	-1.653458E-01	-6.942920E-02	-9.081534E-02	-1.054572E-01	-1.142496E-01	-1.156454E-01	-1.074773E-01	-8.838334E-02	-5.745597E-02	-1.478811E-02	3.742128E-02	3.191767E-02	5.786362E-02	8.389919E-02	1.093649E-01	1.320945E-01	1.495587E-01	1.586180E-01	1.569264E-01	1.421169E-01	1.122986E-01	2.180395E-02	3.333907E-03	 


CYCLE NUMBER  200	MODEL TIME IN  HOURS  1.111111

DIAGONAL ELEMENTS OF U

-2.224105E-04	-1.625364E-02	-3.615275E-02	-5.993266E-02	-8.625529E-02	-1.133799E-01	-1.387821E-01	-1.588394E-01	-1.697576E-01	-1.669973E-01	-3.153485E-02	-2.518868E-02	-1.277092E-02	6.670846E-03	3.252646E-02	6.463612E-02	1.016920E-01	1.415910E-01	1.805449E-01	2.131108E-01	5.015390E-02	5.645591E-02	5.746181E-02	5.158053E-02	3.821621E-02	1.604990E-02	-1.561939E-02	-5.667770E-02	-1.052491E-01	-1.578562E-01	-4.531936E-02	-6.085829E-02	-7.454436E-02	-8.449423E-02	-8.940151E-02	-8.689420E-02	-7.458600E-02	-5.069517E-02	-1.376683E-02	3.558103E-02	2.064382E-02	3.875735E-02	5.940891E-02	8.095163E-02	1.022118E-01	1.208195E-01	1.340096E-01	1.383988E-01	1.306037E-01	1.074617E-01	1.428980E-02	2.168503E-03	 
